3399296
3435796
3441139
3440597
3428881
3418365
3413680
3406574
3399979
3399976
3399974
3406575
3447894
3413676
3439064
3407502
3409825
3441133
3399298
3418574
3418566
3413675
3440595
3414267
3406580
3409822
3441132
3399303
3399295
3485275
3428877
3440594
3413679
3447895
3447891
3439062
3399294
3399294
3399294
3485829
3485829
3485829
3428880
3428880
3428880
3418359
3418359
3418359
3459564
3459564
3459564
3439057
3439057
3439057
3406573
3406573
3406573
3428879
3428879
3428879
3441130
3441130
3441130
3439060
3439060
3439060
